0	24
0	139
0	199
0	226
0	348
0	475
0	751
0	793
0	902
0	924
1	8
1	92
1	161
1	211
1	212
1	421
1	466
1	601
1	646
1	845
2	48
2	97
2	147
2	182
2	426
2	612
2	811
2	815
2	867
3	5
3	292
3	318
3	375
3	521
3	594
3	617
3	715
3	724
3	761
3	833
3	864
4	202
4	426
4	436
4	496
4	585
4	589
4	648
4	672
4	861
4	918
4	984
5	102
5	339
5	496
5	518
5	566
5	626
5	633
5	650
5	884
6	31
6	67
6	259
6	295
6	547
6	693
6	718
7	6
7	99
7	136
7	205
7	606
7	847
7	971
7	976
8	27
8	118
8	185
8	268
8	388
8	431
8	495
8	578
8	631
8	913
8	975
9	179
9	254
9	293
9	850
9	856
9	917
9	924
10	190
10	313
10	489
10	529
10	690
10	831
11	8
11	336
11	351
11	420
11	466
11	568
11	761
11	777
11	874
12	193
12	269
12	476
12	613
12	690
12	868
13	114
13	173
13	192
13	280
13	296
13	331
13	366
13	403
13	414
13	555
13	630
13	915
13	919
14	43
14	100
14	679
14	759
14	837
14	927
15	216
15	364
15	463
15	540
15	584
15	681
15	840
15	968
16	332
16	445
16	484
16	707
16	729
16	787
16	867
16	987
17	35
17	113
17	155
17	382
17	413
17	498
17	532
17	627
17	670
17	753
17	874
17	972
18	29
18	101
18	239
18	245
18	246
18	271
18	335
18	627
18	662
18	695
18	758
18	936
19	4
19	353
19	357
19	444
19	463
19	561
19	579
19	597
19	603
19	818
19	839
19	966
19	1007
20	106
20	229
20	370
20	515
20	545
20	603
20	609
20	624
20	834
20	923
20	965
20	971
20	973
21	490
21	783
21	787
21	805
21	816
21	846
21	895
22	25
22	483
22	646
22	723
22	835
22	901
22	1008
22	1014
23	244
23	439
23	456
23	508
23	548
23	647
23	823
23	1000
24	16
24	79
24	266
24	473
24	679
24	880
25	105
25	110
25	183
25	221
25	227
25	228
25	574
25	614
25	787
25	1000
26	254
26	450
26	484
26	527
26	540
26	600
26	640
26	767
26	825
26	845
26	879
26	905
27	49
27	143
27	185
27	245
27	322
27	540
27	768
27	875
27	1005
28	105
28	242
28	260
28	261
28	279
28	340
28	424
28	570
28	650
28	703
28	751
28	908
28	911
28	918
28	940
28	995
29	144
29	196
29	238
29	295
29	352
29	416
29	479
29	721
29	786
29	951
29	956
29	962
29	989
30	70
30	174
30	288
30	309
30	417
30	474
30	691
30	802
30	831
30	899
31	35
31	385
31	459
31	484
31	501
31	510
31	788
32	14
32	35
32	203
32	387
32	439
32	444
32	539
32	612
32	656
32	728
32	922
33	15
33	32
33	64
33	207
33	210
33	267
33	580
33	651
33	673
33	765
33	816
33	995
34	185
34	203
34	432
34	443
34	628
34	771
35	41
35	56
35	61
35	190
35	634
35	690
36	4
36	96
36	120
36	170
36	273
36	456
36	467
36	493
36	529
36	625
36	864
36	914
37	99
37	214
37	384
37	418
37	477
37	563
37	735
37	857
37	894
37	1021
38	55
38	266
38	281
38	350
38	410
38	482
38	621
38	758
38	1021
39	100
39	150
39	483
39	539
39	641
39	692
39	869
39	946
40	2
40	82
40	153
40	161
40	184
40	354
40	400
40	479
40	536
40	558
40	606
40	689
40	817
40	841
40	920
41	67
41	212
41	296
41	463
41	599
41	665
41	727
41	959
41	967
42	216
42	229
42	348
42	355
42	384
42	420
42	442
42	486
42	542
42	603
42	856
42	894
42	995
42	1001
43	50
43	458
43	472
43	515
43	538
43	566
43	701
43	704
43	789
43	798
43	818
43	843
44	57
44	115
44	303
44	311
44	407
44	411
44	933
45	41
45	63
45	118
45	318
45	352
45	635
45	669
45	731
45	803
45	813
45	972
46	12
46	20
46	265
46	312
46	373
46	426
46	609
46	735
46	894
46	937
47	17
47	107
47	187
47	265
47	502
47	528
47	878
48	6
48	69
48	108
48	118
48	174
48	407
48	518
48	525
48	657
48	785
48	825
48	867
49	78
49	267
49	329
49	387
49	408
49	696
49	712
49	881
49	929
50	16
50	228
50	284
50	357
50	625
50	929
50	951
51	18
51	149
51	158
51	186
51	278
51	323
51	419
51	463
51	591
51	689
51	730
51	745
51	975
52	140
52	206
52	258
52	262
52	271
52	282
52	362
52	388
52	443
52	501
52	542
52	577
52	634
53	12
53	18
53	421
53	464
53	479
53	491
53	723
53	762
53	790
53	807
54	58
54	92
54	164
54	282
54	371
54	481
54	599
54	663
54	752
54	773
54	859
55	95
55	148
55	231
55	358
55	410
55	422
55	492
55	589
55	598
55	705
55	735
55	780
55	928
55	948
56	123
56	151
56	162
56	268
56	493
56	652
56	654
56	660
56	702
56	721
57	2
57	222
57	389
57	408
57	469
57	483
57	560
57	590
57	707
57	783
57	825
57	938
57	1015
58	299
58	388
58	494
58	731
58	986
58	1007
59	96
59	256
59	297
59	300
59	545
59	669
59	674
59	736
59	765
59	812
59	837
59	881
59	977
59	981
60	12
60	28
60	51
60	52
60	73
60	192
60	237
60	360
60	403
60	408
60	428
60	631
60	656
60	674
60	781
60	802
60	864
60	1014
61	12
61	269
61	276
61	390
61	417
61	624
61	674
61	796
62	755
62	886
62	923
62	943
62	969
63	24
63	146
63	340
63	494
63	558
63	627
63	645
63	773
63	814
63	869
63	912
63	976
64	187
64	203
64	237
64	312
64	381
64	390
64	482
64	553
64	943
64	967
64	1003
65	96
65	116
65	619
65	687
65	846
65	853
65	895
66	46
66	65
66	127
66	163
66	184
66	382
66	394
66	769
66	799
66	909
67	103
67	195
67	246
67	365
67	521
67	643
67	646
67	682
67	693
67	786
67	795
67	820
67	957
68	136
68	156
68	521
68	547
68	576
68	666
68	681
68	712
68	720
68	763
68	861
68	983
69	51
69	99
69	415
69	436
69	471
69	480
69	536
69	581
69	656
69	802
70	95
70	189
70	281
70	296
70	353
70	489
70	539
70	563
70	615
70	649
70	820
70	927
71	353
71	523
71	596
71	688
71	732
71	784
71	799
71	844
71	855
71	860
72	6
72	177
72	438
72	455
72	673
72	785
72	835
72	971
73	144
73	241
73	353
73	401
73	546
73	587
73	707
73	921
74	13
74	51
74	117
74	147
74	217
74	253
74	446
74	482
74	491
74	634
74	816
74	884
74	916
74	1005
75	18
75	184
75	185
75	386
75	397
75	487
75	522
75	712
75	733
75	762
75	867
75	885
75	888
76	7
76	59
76	282
76	466
76	687
76	709
76	730
76	778
76	801
76	955
76	964
77	113
77	146
77	166
77	319
77	417
77	515
77	563
77	596
77	642
77	661
77	705
77	1012
78	64
78	180
78	194
78	226
78	508
78	516
78	535
78	727
78	884
78	971
79	238
79	260
79	343
79	475
79	664
79	727
79	767
79	899
80	99
80	119
80	194
80	207
80	608
80	642
80	651
80	671
80	773
80	807
80	912
80	930
81	13
81	30
81	37
81	168
81	266
81	305
81	532
81	653
81	785
81	826
81	955
82	387
82	593
82	660
82	714
82	827
82	928
82	972
83	14
83	50
83	152
83	345
83	374
83	445
83	514
83	634
83	689
83	710
83	846
83	903
83	989
84	120
84	135
84	196
84	361
84	722
84	750
84	762
84	913
84	962
84	986
84	1005
85	52
85	58
85	98
85	125
85	176
85	296
85	379
85	391
85	472
85	585
85	592
85	986
85	1004
86	326
86	344
86	360
86	376
86	526
86	603
86	686
86	690
86	717
86	737
86	834
86	1021
87	132
87	152
87	169
87	233
87	566
87	608
87	658
87	812
88	118
88	286
88	359
88	378
88	413
88	539
88	569
88	694
88	785
88	877
89	38
89	345
89	366
89	483
89	666
89	672
89	930
89	939
89	979
90	34
90	41
90	42
90	381
90	422
90	624
90	741
90	760
90	926
90	971
91	223
91	275
91	310
91	345
91	372
91	409
91	436
91	474
92	36
92	73
92	85
92	91
92	106
92	244
92	276
92	394
92	424
92	517
92	556
92	709
92	753
92	762
92	768
92	791
92	866
92	939
92	1006
93	191
93	264
93	281
93	351
93	408
93	460
93	491
93	682
93	841
93	947
94	155
94	166
94	221
94	234
94	669
94	699
94	708
94	764
94	881
94	892
94	977
95	341
95	480
95	491
95	501
95	702
95	769
96	330
96	376
96	402
96	495
96	768
96	867
97	58
97	250
97	254
97	369
97	566
97	656
97	876
98	83
98	180
98	226
98	279
98	421
98	634
98	774
98	869
98	874
98	918
98	985
99	34
99	188
99	307
99	338
99	351
99	421
99	609
99	685
99	775
99	779
99	836
99	934
100	81
100	131
100	138
100	346
100	487
100	496
100	583
100	853
101	20
101	294
101	762
101	788
102	150
102	376
102	396
102	433
102	524
102	526
102	561
102	623
102	810
102	836
102	853
103	62
103	112
103	172
103	266
103	441
103	564
103	600
103	671
103	957
104	65
104	376
104	437
104	649
104	675
104	851
104	878
104	949
104	959
105	201
105	225
105	350
105	375
105	391
105	434
105	450
105	519
105	562
105	662
105	718
106	18
106	35
106	37
106	93
106	198
106	209
106	319
106	355
106	406
106	445
106	737
106	791
106	874
106	974
106	975
107	16
107	58
107	246
107	298
107	463
107	466
107	617
107	692
107	730
108	187
108	405
108	473
108	520
108	810
108	902
108	934
108	939
109	23
109	72
109	258
109	429
109	526
109	536
109	759
109	870
109	953
110	1
110	479
110	526
110	636
110	643
110	720
110	722
110	927
110	985
111	52
111	65
111	217
111	264
111	429
111	484
111	670
111	830
111	837
111	863
111	892
112	174
112	178
112	263
112	322
112	466
112	582
112	591
112	624
112	727
112	825
112	843
113	18
113	140
113	332
113	400
113	443
113	748
113	761
113	900
113	919
113	944
113	969
113	982
114	24
114	69
114	83
114	85
114	301
114	380
114	433
114	499
114	510
114	599
114	690
114	788
114	879
114	882
114	896
114	976
114	986
115	52
115	99
115	345
115	353
115	376
115	573
115	610
115	668
115	695
115	775
115	794
115	894
115	898
116	52
116	126
116	272
116	317
116	399
116	411
116	543
116	575
116	644
116	1004
116	1019
116	1020
117	192
117	200
117	249
117	308
117	490
117	698
117	760
117	790
117	796
117	810
117	872
118	39
118	483
118	526
118	580
118	636
118	920
118	1018
119	150
119	241
119	264
119	277
119	335
119	398
119	498
119	648
119	688
119	747
119	763
119	774
119	785
120	17
120	618
120	629
120	691
120	797
120	865
121	255
121	256
121	258
121	264
121	360
121	451
121	612
121	639
122	30
122	297
122	308
122	442
122	540
122	827
122	868
123	48
123	159
123	169
123	203
123	227
123	400
123	409
123	411
123	595
123	627
123	681
123	782
123	805
123	846
123	982
124	24
124	32
124	40
124	249
124	321
124	391
124	463
124	512
124	553
124	788
125	0
125	11
125	223
125	337
125	400
125	686
125	707
125	788
125	801
125	891
126	317
126	437
126	474
126	524
126	599
127	29
127	36
127	169
127	174
127	334
127	433
127	502
127	516
127	550
127	558
127	604
127	910
127	993
128	56
128	67
128	95
128	100
128	103
128	110
128	243
128	258
128	443
128	484
128	629
128	636
129	50
129	80
129	216
129	325
129	359
129	591
129	846
130	36
130	74
130	88
130	89
130	220
130	349
130	479
130	801
130	814
130	861
130	947
130	954
130	975
131	47
131	64
131	220
131	287
131	309
131	337
131	351
131	407
131	464
131	733
131	750
131	802
131	875
131	886
131	934
131	935
132	74
132	108
132	109
132	172
132	601
132	703
132	814
133	171
133	244
133	279
133	350
133	859
133	906
133	999
134	4
134	121
134	128
134	205
134	408
134	481
134	514
134	632
134	827
134	885
134	981
135	218
135	284
135	323
135	473
135	566
135	648
135	759
135	796
135	957
136	11
136	22
136	84
136	104
136	427
136	484
136	550
136	905
136	933
136	986
136	988
136	995
137	147
137	241
137	354
137	836
137	848
137	918
138	64
138	81
138	348
138	398
138	453
138	461
138	528
138	539
138	573
138	641
138	691
138	741
138	778
138	824
138	825
138	929
138	979
139	117
139	186
139	201
139	440
139	470
139	554
139	641
139	812
140	130
140	355
140	550
140	619
140	626
140	693
140	696
140	720
140	721
140	931
140	963
141	156
141	186
141	313
141	368
141	389
141	397
141	483
141	491
141	544
141	565
141	568
141	656
141	739
141	772
141	844
141	954
142	166
142	494
142	702
142	816
142	936
142	1009
142	1010
143	83
143	300
143	332
143	467
143	525
143	543
143	669
143	705
143	740
143	927
144	45
144	83
144	95
144	101
144	353
144	367
144	461
144	515
144	551
144	637
144	773
144	854
144	874
144	903
145	33
145	272
145	274
145	309
145	419
145	534
145	672
145	680
145	695
145	735
145	945
145	951
145	966
145	986
146	17
146	107
146	140
146	153
146	192
146	198
146	371
146	439
146	479
146	515
146	559
146	738
146	755
146	899
146	936
147	67
147	154
147	241
147	462
147	490
147	491
147	657
147	674
147	720
147	837
147	878
148	40
148	104
148	219
148	286
148	398
148	471
148	662
148	666
148	957
148	965
148	991
149	199
149	216
149	257
149	457
149	528
149	621
149	643
149	729
149	818
149	865
149	866
149	871
149	995
150	33
150	263
150	337
150	400
150	495
150	595
150	700
150	774
151	61
151	265
151	366
151	480
151	533
151	564
151	764
151	806
151	843
151	862
151	891
151	905
152	131
152	149
152	173
152	268
152	327
152	489
153	490
153	558
153	591
153	634
153	789
154	97
154	286
154	474
154	591
154	600
154	684
154	761
154	808
154	938
155	17
155	271
155	281
155	289
155	424
155	451
155	452
155	461
155	803
155	923
155	925
155	932
155	951
155	1012
156	31
156	54
156	58
156	119
156	172
156	211
156	236
156	371
156	460
156	486
156	535
156	713
156	973
156	1014
156	1020
157	212
157	310
157	333
157	338
157	354
157	641
157	653
157	705
157	838
157	883
157	899
157	987
157	993
158	72
158	105
158	106
158	276
158	342
158	790
158	843
158	980
159	34
159	76
159	101
159	179
159	226
159	419
159	605
159	758
159	833
159	991
160	70
160	100
160	153
160	164
160	359
160	487
160	493
160	589
160	650
160	666
160	725
160	800
160	812
160	893
160	961
161	122
161	183
161	206
161	256
161	261
161	395
161	620
161	807
161	882
161	894
161	1013
162	104
162	143
162	221
162	370
162	406
162	506
162	529
162	637
162	696
162	726
162	832
162	948
162	955
163	25
163	181
163	233
163	254
163	292
163	313
163	604
163	746
163	858
163	923
164	21
164	65
164	79
164	182
164	185
164	212
164	251
164	606
164	749
164	761
164	841
164	849
164	850
164	944
164	960
165	216
165	365
165	374
165	716
165	831
165	941
166	51
166	68
166	129
166	137
166	464
166	529
166	548
166	652
166	696
166	885
166	965
166	991
167	22
167	120
167	223
167	351
167	352
167	496
167	742
167	786
167	848
167	898
168	40
168	148
168	482
168	502
168	557
168	705
168	865
168	913
169	0
169	36
169	140
169	190
169	347
169	547
169	675
169	686
169	1009
170	371
170	375
170	457
170	484
170	701
170	879
170	910
170	983
171	9
171	148
171	266
171	375
171	455
171	513
171	520
171	634
171	743
172	119
172	284
172	296
172	318
172	388
172	506
172	625
172	752
172	931
172	941
172	1012
173	390
173	403
173	648
173	655
173	684
173	689
173	714
173	725
173	791
173	1018
174	4
174	303
174	383
174	535
174	632
174	669
174	833
175	50
175	125
175	252
175	330
175	420
175	443
175	489
175	521
175	766
175	769
175	865
175	908
176	354
176	479
176	543
176	712
176	766
176	818
176	950
177	207
177	403
177	634
177	675
177	679
177	784
177	827
177	920
178	49
178	87
178	294
179	58
179	79
179	148
179	167
179	284
179	338
179	399
179	444
179	514
179	567
179	617
179	658
179	710
179	724
179	746
179	748
179	796
179	926
180	10
180	17
180	88
180	196
180	198
180	210
180	304
180	305
180	662
180	677
180	694
180	796
181	4
181	25
181	222
181	305
181	326
181	328
181	400
181	417
181	538
181	615
181	753
181	815
181	936
181	981
182	91
182	206
182	223
182	373
182	665
182	667
183	99
183	329
183	436
183	437
183	567
183	657
183	699
183	704
183	769
183	813
183	878
183	901
183	1004
184	129
184	297
184	370
184	811
184	916
184	964
185	4
185	29
185	176
185	354
185	444
185	574
185	667
185	780
185	823
185	904
185	976
185	1009
186	83
186	324
186	399
186	533
186	708
186	719
186	883
187	29
187	153
187	171
187	250
187	414
187	531
187	560
187	681
187	732
187	818
187	821
187	909
187	966
188	157
188	319
188	635
188	942
189	145
189	272
189	320
189	444
189	728
189	811
189	882
189	883
190	13
190	393
190	730
190	881
190	1007
191	7
191	108
191	215
191	330
191	374
191	385
191	631
191	757
191	762
192	110
192	115
192	131
192	179
192	239
192	341
192	345
192	503
192	574
192	695
192	732
192	734
192	777
192	794
192	830
192	865
192	880
192	914
193	336
193	378
193	550
193	596
193	983
193	1009
194	274
194	277
194	427
194	439
194	479
194	900
194	917
195	102
195	169
195	252
195	299
195	381
195	400
195	463
195	464
195	543
195	575
195	683
195	772
195	1011
196	97
196	126
196	156
196	267
196	446
196	510
196	548
196	550
196	640
197	178
197	352
197	403
197	649
197	859
197	909
198	78
198	117
198	128
198	158
198	282
198	365
198	487
198	707
198	721
199	35
199	45
199	82
199	229
199	562
199	660
200	34
200	72
200	415
200	442
200	582
200	584
200	649
200	779
200	803
200	877
200	1006
200	1017
201	41
201	199
201	209
201	295
201	348
201	351
201	401
201	493
201	507
201	589
201	637
201	668
201	678
201	727
201	922
201	946
201	984
201	988
202	7
202	104
202	338
202	402
202	474
202	480
202	553
202	555
202	597
202	706
202	765
203	74
203	308
203	347
203	754
203	943
204	97
204	294
204	499
204	587
204	707
204	827
204	859
205	2
205	27
205	74
205	172
205	258
205	353
205	518
205	538
205	558
206	164
206	196
206	332
206	361
206	476
206	490
206	514
206	717
206	955
206	970
207	56
207	116
207	172
207	240
207	254
207	340
207	481
207	486
207	489
207	677
207	913
207	941
207	992
208	58
208	81
208	85
208	177
208	313
208	334
208	357
208	461
208	473
208	487
208	513
208	593
208	628
208	707
208	836
208	896
209	28
209	171
209	293
209	411
209	494
209	596
209	658
209	706
209	727
209	734
209	990
210	19
210	21
210	47
210	133
210	140
210	219
210	248
210	269
210	287
210	310
210	362
210	449
210	520
210	596
210	603
210	761
210	987
210	988
211	72
211	195
211	253
211	325
211	363
211	388
211	416
211	526
211	842
211	1001
212	143
212	200
212	396
212	702
212	785
212	865
213	27
213	81
213	146
213	360
213	497
213	536
213	564
213	725
213	810
213	886
214	98
214	313
214	376
214	452
214	543
214	646
214	980
214	983
215	34
215	157
215	205
215	243
215	309
215	448
215	518
215	584
215	596
215	624
215	761
215	845
216	80
216	92
216	139
216	140
216	244
216	308
216	410
216	460
216	496
216	599
216	683
216	780
216	846
216	901
216	944
216	1024
217	141
217	164
217	188
217	191
217	230
217	271
217	442
217	509
217	625
217	642
217	655
217	715
217	866
217	869
217	904
217	974
218	65
218	198
218	331
218	897
218	911
218	968
219	18
219	176
219	331
219	468
219	566
219	944
220	14
220	61
220	191
220	281
220	310
220	645
220	666
220	717
220	764
220	865
220	869
220	894
220	919
221	347
221	407
221	414
221	484
221	569
221	574
221	586
221	762
221	787
221	978
222	31
222	153
222	294
222	323
222	790
222	895
222	909
222	952
222	983
223	27
223	220
223	486
223	531
223	563
223	812
223	883
223	923
223	938
224	21
224	197
224	278
224	454
224	456
224	497
224	572
224	585
224	698
224	918
224	919
224	990
225	24
225	67
225	143
225	144
225	468
225	481
225	647
225	863
225	920
226	24
226	258
226	270
226	393
226	430
226	535
226	564
226	575
226	824
226	897
226	986
227	7
227	185
227	282
227	409
227	412
227	518
227	615
227	759
227	769
227	852
228	124
228	285
228	289
228	293
228	471
228	669
228	749
228	836
228	839
228	981
228	982
228	983
229	91
229	99
229	155
229	342
229	460
229	476
229	731
229	859
230	220
230	251
230	356
230	444
230	537
230	649
230	815
231	72
231	151
231	164
231	168
231	173
231	236
231	240
231	366
231	450
231	591
231	655
231	657
231	697
231	866
232	140
232	664
232	683
232	815
232	828
232	1006
233	15
233	117
233	153
233	182
233	245
233	368
233	387
233	420
233	438
233	647
233	664
233	711
233	774
233	840
234	52
234	59
234	62
234	265
234	273
234	432
234	439
234	487
234	577
234	850
234	872
235	56
235	180
235	225
235	230
235	302
235	329
235	332
235	338
235	397
235	446
235	637
235	646
235	692
235	772
235	775
235	785
235	906
236	166
236	197
236	285
236	367
236	441
236	499
236	743
236	746
236	931
236	964
236	977
236	1021
237	14
237	96
237	126
237	144
237	226
237	330
237	717
237	789
237	909
237	974
238	85
238	162
238	237
238	525
238	939
239	38
239	100
239	139
239	436
239	577
239	654
239	707
239	904
240	91
240	421
240	664
240	668
240	701
240	707
240	919
240	922
241	16
241	107
241	148
241	299
241	331
241	397
241	483
241	772
241	775
241	791
241	807
241	857
241	952
242	136
242	236
242	325
242	374
242	543
242	616
242	667
242	691
242	731
242	743
242	864
242	920
243	20
243	120
243	297
243	308
243	376
243	396
243	469
243	715
243	835
244	170
244	506
244	557
244	625
244	784
245	88
245	91
245	112
245	138
245	196
245	233
245	259
245	347
245	406
245	424
245	565
245	636
245	718
245	872
245	877
245	941
245	966
246	37
246	182
246	217
246	244
246	432
246	434
246	517
246	520
246	525
246	586
246	737
246	956
246	998
246	1006
247	63
247	233
247	456
247	483
247	585
247	642
247	653
247	776
247	819
247	834
247	1006
248	43
248	61
248	133
248	204
248	245
248	593
248	654
248	891
248	925
248	1007
249	70
249	132
249	153
249	280
249	486
249	553
249	587
249	694
249	719
249	752
250	40
250	121
250	186
250	197
250	237
250	342
250	363
250	417
250	561
250	829
250	857
250	861
251	185
251	193
251	286
251	340
251	502
251	574
251	677
251	809
251	968
252	65
252	95
252	287
252	670
252	688
252	924
253	91
253	141
253	333
253	450
253	774
253	781
253	782
253	849
253	871
253	920
253	1012
254	9
254	22
254	244
254	441
254	452
254	791
254	811
254	873
254	914
254	940
254	968
255	43
255	69
255	279
255	362
255	605
255	761
255	824
255	917
256	1
256	48
256	75
256	102
256	118
256	165
256	561
256	576
256	655
256	704
256	707
256	794
256	919
257	15
257	181
257	243
257	549
257	578
257	583
257	608
257	618
257	681
257	740
257	930
258	83
258	185
258	299
258	620
258	888
259	60
259	313
259	363
259	532
259	603
259	863
260	48
260	688
260	768
260	806
260	834
260	868
260	874
260	956
260	957
261	90
261	98
261	166
261	209
261	276
261	319
261	425
261	464
261	537
261	589
261	612
261	642
261	656
261	826
261	1011
262	78
262	184
262	373
262	632
262	648
262	668
262	813
262	828
262	910
263	160
263	405
263	614
263	735
263	949
263	970
264	6
264	41
264	127
264	186
264	317
264	575
264	582
264	706
265	82
265	122
265	360
265	479
265	534
265	633
265	676
265	721
265	810
265	905
265	933
265	986
266	18
266	71
266	223
266	264
266	405
266	782
266	828
267	24
267	46
267	120
267	140
267	327
267	347
267	428
267	866
267	907
268	87
268	255
268	420
268	496
268	573
268	877
268	905
268	968
269	58
269	125
269	239
269	267
269	399
269	510
269	614
269	684
269	704
269	968
270	136
270	199
270	342
270	375
270	499
270	523
270	542
270	546
270	632
270	851
271	9
271	77
271	374
271	752
271	814
271	827
271	892
272	13
272	144
272	312
272	342
272	635
272	798
272	824
272	929
272	942
272	979
273	42
273	64
273	83
273	169
273	197
273	379
273	407
273	419
273	575
273	666
273	677
273	764
273	902
274	80
274	260
274	302
274	549
274	911
274	954
274	976
275	86
275	159
275	231
275	312
275	508
275	585
275	603
275	694
275	770
275	781
275	800
275	969
276	21
276	145
276	186
276	190
276	265
276	437
276	727
276	743
276	964
276	1022
277	164
277	270
277	319
277	437
277	493
277	513
277	693
277	864
277	947
277	992
277	999
277	1012
278	150
278	181
278	301
278	392
278	478
278	528
278	636
279	100
279	238
279	260
279	328
279	358
279	382
279	400
279	449
279	470
279	491
279	535
279	695
279	730
279	887
279	888
279	954
279	1005
279	1019
280	4
280	105
280	140
280	241
280	345
280	359
280	440
280	483
280	679
281	25
281	137
281	216
281	324
281	369
281	415
281	432
281	601
281	624
281	670
281	745
281	768
282	60
282	359
282	390
282	400
282	468
282	504
282	517
282	564
282	606
282	833
282	866
282	880
282	978
283	142
283	158
283	213
283	343
283	414
283	438
283	599
283	653
283	715
283	793
283	947
283	956
283	977
283	994
284	100
284	151
284	170
284	194
284	261
284	276
284	602
284	777
284	779
284	897
285	59
285	308
285	320
285	444
285	471
285	500
285	665
285	741
285	819
285	921
286	29
286	33
286	75
286	238
286	341
286	422
286	439
286	529
286	547
286	563
286	730
286	838
286	904
286	984
287	34
287	36
287	63
287	231
287	275
287	483
287	562
287	572
287	599
287	606
287	680
287	901
288	22
288	684
288	769
288	910
288	993
289	280
289	376
289	518
289	587
289	737
289	922
290	72
290	82
290	104
290	246
290	292
290	327
290	330
290	494
290	646
290	647
290	730
291	6
291	232
291	338
291	555
291	583
291	592
291	737
291	938
291	964
291	986
292	71
292	97
292	317
292	388
292	542
292	628
292	665
292	693
292	742
292	763
292	803
292	819
293	61
293	161
293	229
293	590
293	632
293	762
293	805
293	858
293	964
293	969
294	55
294	62
294	277
294	352
294	361
294	377
294	453
294	879
294	905
295	131
295	271
295	413
295	461
295	475
295	476
295	490
295	493
295	685
295	925
295	928
296	31
296	105
296	134
296	341
296	402
296	603
296	845
296	847
296	864
296	952
296	973
296	991
297	285
297	315
297	396
297	450
297	524
297	558
297	612
297	715
297	817
297	852
297	876
298	145
298	182
298	301
298	306
298	334
298	489
298	513
298	603
298	654
298	853
298	948
298	970
299	29
299	58
299	135
299	249
299	283
299	342
299	423
299	738
299	880
300	56
300	264
300	354
300	361
300	655
300	795
300	907
300	952
300	974
301	302
301	308
301	896
301	1021
302	36
302	52
302	259
302	340
302	388
302	484
302	515
302	519
302	576
302	728
302	791
302	837
302	912
302	914
302	988
302	1004
302	1015
303	160
303	201
303	396
303	404
303	809
303	931
303	983
304	82
304	180
304	237
304	250
304	513
304	700
304	955
304	992
305	322
305	340
305	341
305	650
305	680
305	719
305	742
305	787
305	801
305	866
305	877
305	957
306	243
306	283
306	424
306	467
306	614
306	666
306	689
306	912
307	72
307	86
307	112
307	136
307	500
307	781
307	800
308	0
308	63
308	100
308	187
308	338
308	358
308	369
308	381
308	431
308	458
308	468
308	819
308	875
308	965
309	62
309	378
309	431
309	513
309	515
309	544
309	617
309	620
309	647
309	819
309	873
309	980
310	3
310	36
310	81
310	91
310	159
310	243
310	255
310	278
310	504
310	586
310	650
310	687
310	799
310	833
310	870
310	892
310	926
310	1001
311	26
311	145
311	253
311	269
311	326
311	419
311	435
311	447
311	542
311	563
311	626
311	704
311	976
312	228
312	278
312	445
312	518
312	578
312	895
312	980
313	57
313	75
313	225
313	253
313	319
313	630
313	669
313	723
313	801
313	911
313	1007
314	101
314	268
314	363
314	580
314	702
314	883
314	937
315	44
315	185
315	215
315	217
315	409
315	475
315	532
315	662
315	871
315	1010
315	1018
316	20
316	189
316	307
316	427
316	523
316	560
316	589
316	715
316	723
316	725
317	128
317	229
317	243
317	474
317	489
317	554
317	575
317	988
318	23
318	95
318	139
318	156
318	185
318	300
318	323
318	348
318	444
318	473
318	515
318	525
318	648
318	706
318	782
318	807
319	39
319	237
319	259
319	426
319	592
319	602
319	633
319	794
320	265
320	386
320	740
320	985
320	1000
321	102
321	422
321	468
321	506
321	544
321	696
321	718
321	870
322	5
322	24
322	153
322	197
322	267
322	291
322	296
322	357
322	369
322	444
322	585
322	737
322	792
322	1008
323	178
323	327
323	363
323	457
323	473
323	807
323	864
323	953
323	976
324	8
324	75
324	83
324	217
324	353
324	439
324	520
324	758
324	834
324	870
325	27
325	67
325	124
325	208
325	250
325	310
325	504
325	523
325	531
325	591
325	956
326	7
326	235
326	544
326	677
326	745
326	826
326	881
326	976
326	989
326	998
327	91
327	292
327	345
327	412
327	555
327	716
327	799
327	839
327	958
327	962
328	319
328	358
328	500
328	555
328	616
328	623
328	663
328	793
328	892
328	914
328	998
329	307
329	518
329	540
329	597
329	621
329	781
329	797
329	843
329	920
329	1024
330	59
330	193
330	261
330	282
330	334
330	574
330	646
330	783
331	130
331	162
331	332
331	391
331	460
331	495
331	730
331	918
332	55
332	96
332	241
332	417
332	421
332	424
332	486
332	538
332	685
332	750
332	798
332	952
332	1008
333	36
333	99
333	148
333	149
333	153
333	234
333	257
333	391
333	627
333	661
333	972
334	83
334	233
334	364
334	576
334	622
334	677
334	995
334	1008
335	83
335	102
335	210
335	309
335	364
335	438
335	495
335	580
335	780
335	785
336	48
336	176
336	305
336	524
336	528
336	706
336	807
336	940
336	984
336	995
337	251
337	253
337	1016
338	10
338	18
338	97
338	148
338	178
338	293
338	296
338	378
338	509
338	746
338	788
338	907
339	28
339	250
339	327
339	367
339	395
339	439
339	675
339	781
339	790
340	88
340	361
340	481
340	566
340	611
340	614
340	618
340	661
340	714
340	925
340	961
340	1010
341	21
341	128
341	141
341	152
341	318
341	330
341	349
341	381
341	388
341	485
341	756
341	786
341	805
341	869
342	262
342	489
342	855
342	917
342	975
342	981
343	284
343	562
343	575
343	594
343	628
343	707
343	868
343	950
344	28
344	38
344	110
344	132
344	178
344	195
344	202
344	320
344	539
344	581
344	807
344	913
344	929
345	263
345	505
345	507
345	559
345	571
345	586
345	704
345	841
345	904
345	931
345	967
345	1003
346	220
346	339
346	466
346	576
346	636
346	681
346	718
346	767
346	864
346	928
346	961
347	41
347	90
347	165
347	191
347	378
347	430
347	573
347	662
347	678
347	988
348	17
348	36
348	60
348	73
348	197
348	234
348	462
348	648
348	758
348	1020
349	20
349	57
349	339
349	725
349	749
349	766
349	857
349	992
350	321
350	345
350	479
350	498
350	504
350	721
350	826
350	842
350	916
351	29
351	235
351	513
351	515
351	634
351	739
351	759
351	812
351	927
351	980
351	994
352	39
352	54
352	88
352	207
352	308
352	367
352	398
352	601
352	749
352	762
352	774
352	983
353	16
353	234
353	305
353	498
353	559
353	637
353	693
354	395
354	494
354	508
354	717
354	742
354	760
354	894
354	924
354	941
354	944
354	1021
355	261
355	292
355	306
355	337
355	338
355	749
355	781
355	793
355	832
355	885
356	175
356	288
356	363
356	404
356	413
356	459
356	461
356	767
356	769
356	899
356	975
357	41
357	49
357	62
357	150
357	262
357	329
357	353
357	383
357	567
357	645
357	689
357	713
357	738
358	292
358	405
358	486
358	758
358	787
358	857
359	37
359	120
359	156
359	218
359	246
359	269
359	278
359	323
359	336
359	598
359	617
359	694
359	748
359	770
359	917
359	927
359	978
360	8
360	39
360	75
360	168
360	176
360	273
360	354
360	653
360	664
360	761
361	130
361	201
361	317
361	630
361	761
361	766
361	812
362	88
362	187
362	214
362	300
362	392
362	394
362	449
362	567
362	622
362	643
362	797
362	870
363	66
363	141
363	161
363	244
363	513
363	538
363	604
363	611
363	677
363	765
363	771
363	900
364	73
364	165
364	209
364	358
364	378
364	431
364	501
364	659
364	798
364	974
365	8
365	31
365	658
365	718
365	995
365	1001
365	1024
366	120
366	299
366	729
366	864
366	1023
367	194
367	736
368	233
368	330
368	354
368	614
368	637
368	649
368	671
368	768
368	855
368	900
369	22
369	94
369	449
369	469
369	566
369	609
369	623
369	650
369	716
369	757
369	841
369	1022
370	50
370	116
370	224
370	235
370	276
370	350
370	395
370	479
370	678
370	812
370	980
371	58
371	151
371	343
371	397
371	452
371	508
371	514
371	555
371	596
371	649
371	748
371	784
371	1011
371	1022
372	162
372	186
372	206
372	283
372	310
372	457
372	532
372	766
372	788
372	837
372	993
373	352
373	389
373	411
373	462
373	647
373	752
373	925
374	105
374	181
374	385
374	567
374	592
374	751
375	279
375	503
375	661
375	788
375	796
375	821
375	922
375	931
375	1022
376	131
376	137
376	144
376	192
376	207
376	589
376	624
376	653
376	750
376	786
376	949
377	84
377	300
377	361
377	708
377	762
377	776
377	797
377	918
378	369
378	489
378	621
378	770
379	370
379	562
379	702
379	849
379	926
380	9
380	278
380	310
380	316
380	514
380	518
380	542
380	601
380	663
380	708
380	781
380	811
380	897
380	969
381	147
381	236
381	435
381	796
381	963
382	41
382	56
382	135
382	277
382	379
382	437
382	589
382	666
382	728
382	761
383	284
383	505
383	574
383	756
383	765
383	1020
384	56
384	212
384	402
384	566
384	640
384	834
384	867
384	886
384	949
385	139
385	162
385	169
385	376
385	618
385	761
385	874
385	975
386	110
386	173
386	199
386	324
386	616
386	657
386	662
386	835
386	852
387	68
387	71
387	78
387	194
387	289
387	460
387	511
387	664
387	840
387	903
388	22
388	242
388	310
388	364
388	507
388	544
388	612
388	656
388	678
388	722
388	733
388	819
388	867
388	980
388	997
388	1000
389	11
389	122
389	503
389	745
389	804
389	840
390	8
390	177
390	262
390	399
390	402
390	427
390	549
390	597
391	11
391	75
391	198
391	209
391	288
391	362
391	374
391	486
391	583
391	732
391	817
392	272
392	330
392	350
392	381
392	624
392	723
392	886
393	176
393	189
393	192
393	254
393	277
393	390
393	554
393	657
393	754
393	891
393	946
394	226
394	230
394	478
394	511
394	940
394	946
394	957
394	981
394	993
395	11
395	56
395	348
395	631
395	647
395	660
395	1017
396	43
396	233
396	327
396	629
396	717
396	997
397	17
397	32
397	88
397	108
397	268
397	282
397	284
397	433
397	450
397	467
397	638
397	733
397	851
397	861
397	962
398	59
398	61
398	134
398	368
398	421
398	425
398	493
398	634
398	739
399	90
399	205
399	220
399	248
399	320
399	469
399	510
399	598
399	640
399	724
399	759
399	844
399	884
399	931
400	36
400	109
400	257
400	288
400	365
400	495
400	499
400	601
400	848
400	956
400	993
401	36
401	42
401	728
401	759
401	760
401	806
401	900
401	929
401	993
402	24
402	49
402	86
402	237
402	241
402	301
402	424
402	455
402	613
402	827
402	866
402	945
403	92
403	196
403	244
403	304
403	417
403	441
403	502
403	533
403	545
403	609
403	744
403	1020
403	1023
404	269
404	323
404	402
404	692
404	773
404	940
404	968
405	321
405	483
405	489
405	663
405	763
405	801
405	983
406	5
406	192
406	284
406	506
406	643
406	705
406	800
406	994
407	1
407	21
407	70
407	294
407	333
407	345
407	384
407	392
407	459
407	568
407	632
407	645
407	732
407	754
407	853
408	282
408	409
408	474
408	777
408	794
408	868
408	912
408	928
408	1010
409	154
409	282
409	315
409	397
409	593
409	654
409	725
409	950
409	1016
410	94
410	117
410	173
410	195
410	263
410	275
410	396
410	428
410	443
410	475
410	527
410	529
410	536
410	615
410	669
410	727
410	925
410	933
411	30
411	273
411	360
411	415
411	472
411	517
411	558
411	634
411	670
411	677
411	690
411	701
411	783
411	1017
411	1024
412	153
412	176
412	196
412	300
412	393
412	491
412	506
412	704
412	732
412	1016
413	20
413	52
413	168
413	256
413	467
413	505
413	686
413	713
413	1017
414	42
414	102
414	460
414	556
414	726
414	771
414	784
414	838
414	945
415	24
415	64
415	87
415	202
415	205
415	244
415	338
415	363
415	406
415	410
415	534
415	582
415	788
415	791
415	885
415	892
416	3
416	48
416	50
416	74
416	197
416	218
416	402
416	603
416	884
416	912
416	950
417	15
417	245
417	249
417	260
417	416
417	496
417	712
417	766
417	787
417	793
417	847
417	885
417	965
418	20
418	98
418	124
418	174
418	274
418	304
418	371
418	413
418	489
418	533
418	547
418	558
418	814
418	923
418	1002
419	161
419	311
419	481
419	535
419	564
419	966
420	19
420	30
420	70
420	85
420	156
420	330
420	610
420	733
420	819
420	851
420	995
420	998
421	51
421	234
421	255
421	395
421	487
421	554
421	623
421	653
421	863
421	881
421	892
421	897
422	158
422	355
422	379
422	413
422	624
422	724
422	775
422	879
422	904
423	1
423	148
423	196
423	419
423	472
423	549
423	591
423	625
423	717
423	738
423	831
424	49
424	112
424	192
424	222
424	240
424	258
424	297
424	310
424	455
424	551
424	559
424	602
424	643
424	690
424	749
424	827
424	1023
425	30
425	45
425	131
425	225
425	278
425	373
425	617
425	719
425	786
425	857
425	930
426	55
426	140
426	144
426	290
426	303
426	658
426	696
426	879
426	901
426	947
426	995
427	13
427	61
427	123
427	306
427	864
427	897
427	910
427	969
427	997
428	102
428	147
428	172
428	409
428	422
428	593
428	617
428	699
428	937
428	947
429	96
429	220
429	391
429	545
429	565
429	830
429	927
430	155
430	181
430	192
430	453
430	506
430	541
430	747
430	983
431	446
431	518
431	670
431	701
431	962
431	971
432	44
432	98
432	140
432	306
432	486
432	512
432	663
432	800
432	838
432	844
432	922
433	9
433	41
433	67
433	74
433	105
433	129
433	130
433	212
433	248
433	341
433	392
433	402
433	417
433	425
433	696
433	810
433	899
433	975
433	982
433	985
433	993
434	126
434	239
434	343
434	417
434	450
434	481
434	526
434	696
434	726
434	735
434	970
435	74
435	89
435	160
435	295
435	297
435	326
435	424
435	655
435	680
435	695
435	705
435	915
436	200
436	262
436	358
436	391
436	394
436	809
436	914
436	953
437	193
437	370
437	419
437	465
437	488
437	647
437	652
437	668
437	830
437	849
437	995
437	1016
438	26
438	129
438	351
438	379
438	537
438	558
438	596
438	673
438	735
439	39
439	398
439	460
439	585
439	602
439	637
439	719
440	45
440	281
440	375
440	382
440	517
440	533
440	822
440	844
440	852
440	982
441	24
441	89
441	103
441	128
441	198
441	349
441	537
441	597
441	623
441	892
441	908
441	923
441	934
441	1005
442	99
442	245
442	270
442	424
442	444
442	674
442	837
442	891
442	897
442	918
442	959
443	24
443	36
443	80
443	123
443	238
443	396
443	531
443	568
443	622
443	748
443	807
443	1013
444	293
444	411
444	417
444	439
444	587
444	600
444	679
444	731
444	894
445	173
445	190
445	218
445	298
445	389
445	599
445	619
445	717
445	788
445	849
446	91
446	107
446	187
446	417
446	445
446	479
446	513
446	575
446	602
446	631
446	671
446	698
446	736
446	870
446	917
446	984
447	42
447	151
447	175
447	188
447	684
447	985
447	1023
448	4
448	33
448	102
448	141
448	215
448	262
448	268
448	269
448	276
448	381
448	387
448	618
448	641
448	729
448	805
448	851
448	904
449	131
449	330
449	358
449	433
449	446
449	627
449	659
449	662
449	695
449	760
449	822
449	1015
450	94
450	95
450	402
450	528
450	589
450	775
450	835
451	181
451	185
451	378
451	494
451	601
451	672
451	679
451	867
451	961
452	406
452	603
452	699
452	779
452	854
452	888
453	59
453	94
453	193
453	335
453	407
453	431
453	634
453	742
453	846
454	167
454	238
454	319
454	326
454	350
454	449
454	490
454	542
454	642
454	734
454	799
454	878
454	894
454	959
455	24
455	40
455	79
455	162
455	254
455	584
455	726
455	762
455	892
455	894
455	928
455	986
456	384
456	482
456	630
457	40
457	151
457	176
457	541
457	748
457	759
457	766
457	814
458	48
458	119
458	149
458	274
458	313
458	400
458	483
458	512
458	560
458	563
458	571
458	626
458	794
458	820
458	924
459	7
459	147
459	198
459	399
459	477
459	670
459	827
459	981
460	435
460	547
460	602
460	623
460	681
460	743
460	1000
461	92
461	336
461	397
461	467
461	530
461	548
461	652
461	658
461	773
461	964
461	969
461	1001
462	80
462	254
462	316
462	451
462	669
462	782
462	792
462	808
462	929
462	1002
463	54
463	107
463	259
463	479
463	683
463	818
463	826
463	914
464	204
464	255
464	379
464	500
464	586
464	663
464	946
464	1007
465	59
465	286
465	610
465	864
465	868
466	10
466	70
466	80
466	121
466	254
466	271
466	544
466	683
466	691
466	984
467	218
467	460
467	607
467	625
467	685
467	746
467	854
467	885
468	76
468	122
468	173
468	529
468	743
468	771
468	967
469	21
469	352
469	425
469	628
469	638
469	639
469	648
469	676
469	702
469	819
470	220
470	270
470	433
470	438
470	782
470	803
470	844
470	861
470	876
470	938
471	56
471	64
471	240
471	554
471	702
471	891
471	1012
471	1019
472	30
472	109
472	110
472	155
472	162
472	163
472	248
472	313
472	404
472	468
472	480
472	490
472	537
472	617
472	692
472	738
472	999
473	37
473	61
473	123
473	157
473	203
473	422
473	522
473	551
473	635
473	681
473	756
473	783
473	844
473	952
474	117
474	176
474	222
474	264
474	283
474	341
474	434
474	570
474	696
474	900
474	912
475	115
475	138
475	206
475	250
475	550
475	575
475	588
476	72
476	91
476	98
476	249
476	252
476	396
476	511
476	526
476	586
476	701
476	711
476	891
476	968
477	39
477	342
477	538
477	581
477	614
477	667
477	739
477	770
477	781
477	906
477	998
478	215
478	258
478	295
478	320
478	494
478	632
478	694
478	1012
479	17
479	273
479	283
479	370
479	470
479	493
479	592
479	671
479	750
479	862
479	873
479	938
479	1002
479	1006
480	17
480	141
480	179
480	224
480	280
480	436
480	671
480	765
480	965
480	1014
481	284
481	321
481	330
481	422
481	657
481	680
481	744
481	745
481	746
481	825
482	97
482	496
482	657
482	685
482	723
482	737
482	740
482	877
483	115
483	164
483	188
483	209
483	282
483	312
483	329
483	599
483	668
483	728
483	827
483	844
484	111
484	187
484	235
484	284
484	310
484	331
484	360
484	412
484	419
484	486
484	488
484	621
484	710
484	1013
485	279
485	318
485	500
485	503
485	682
485	922
485	984
486	98
486	290
486	413
486	416
486	447
486	491
486	638
486	665
486	675
486	812
486	902
487	135
487	285
487	470
487	511
487	824
487	986
487	993
488	158
488	177
488	439
488	557
488	580
488	726
488	752
488	829
489	15
489	319
489	324
489	369
489	394
489	603
489	664
489	712
489	769
489	830
489	870
489	875
489	959
490	82
490	108
490	207
490	211
490	224
490	253
490	254
490	279
490	347
490	455
490	820
490	846
490	929
491	13
491	50
491	79
491	194
491	253
491	318
491	443
491	600
491	749
491	955
491	965
492	27
492	52
492	225
492	399
492	400
492	544
492	555
492	702
492	734
492	762
492	825
492	935
492	994
493	339
493	349
493	494
493	602
493	755
493	765
493	922
493	959
494	79
494	214
494	540
494	541
494	580
494	624
494	627
494	716
494	731
494	745
494	746
494	831
494	832
494	915
494	939
494	992
495	98
495	151
495	203
495	266
495	358
495	414
495	465
495	510
495	735
495	806
495	979
496	92
496	188
496	200
496	269
496	668
496	756
496	946
497	112
497	172
497	297
497	356
497	444
497	465
497	557
497	659
497	837
497	951
498	193
498	276
498	369
498	406
498	596
498	605
498	839
498	873
499	317
499	377
499	445
499	488
499	600
499	613
499	650
499	722
499	876
499	981
500	9
500	421
500	492
500	767
500	812
500	838
500	989
501	94
501	123
501	143
501	218
501	292
501	303
501	452
501	482
501	629
501	849
501	920
502	487
502	676
502	696
502	813
502	886
502	918
503	21
503	190
503	209
503	288
503	492
503	634
503	808
503	846
503	929
503	935
503	985
504	5
504	144
504	295
504	298
504	359
504	478
504	776
504	793
504	915
504	945
505	1
505	26
505	66
505	92
505	119
505	165
505	292
505	376
505	384
505	540
505	617
505	621
505	742
505	792
505	822
505	880
505	921
505	957
506	23
506	57
506	81
506	87
506	247
506	291
506	312
506	365
506	612
506	731
506	743
506	807
506	850
506	937
506	943
507	3
507	21
507	71
507	180
507	215
507	257
507	615
507	630
507	668
507	669
507	754
507	758
507	875
507	906
508	55
508	60
508	94
508	133
508	209
508	302
508	364
508	673
508	797
509	3
509	106
509	257
509	267
509	298
509	377
509	636
509	648
509	786
509	787
509	873
509	880
510	52
510	452
510	453
510	855
510	902
510	1005
511	105
511	227
511	302
511	330
511	355
511	382
511	400
511	418
511	450
511	594
511	650
511	709
511	769
511	826
511	830
511	978
512	59
512	64
512	187
512	410
512	452
512	792
512	824
512	842
512	850
512	964
513	249
513	258
513	306
513	367
513	530
513	589
513	677
513	696
513	776
513	999
514	48
514	89
514	133
514	209
514	357
514	384
514	409
514	443
514	629
514	744
514	1021
515	63
515	64
515	99
515	191
515	223
515	279
515	319
515	367
515	487
515	536
515	838
515	986
516	447
516	528
516	558
516	921
517	28
517	99
517	367
517	395
517	403
517	442
517	568
517	572
517	638
517	659
517	681
517	760
517	884
518	32
518	44
518	215
518	307
518	470
518	630
518	731
518	909
518	929
519	69
519	70
519	188
519	214
519	219
519	270
519	423
519	475
519	509
519	759
520	2
520	285
520	294
520	337
520	395
520	564
520	734
520	911
521	51
521	172
521	173
521	211
521	302
521	431
521	510
521	551
521	752
521	756
521	928
522	99
522	467
522	655
522	676
522	761
522	1017
523	102
523	185
523	305
523	565
523	826
523	894
523	914
524	240
524	490
524	628
524	898
524	993
525	124
525	132
525	172
525	380
525	410
525	526
525	597
525	697
525	791
525	827
525	836
525	866
526	259
526	316
526	329
526	370
526	484
526	555
526	700
526	709
527	59
527	60
527	66
527	168
527	249
527	700
527	713
527	716
527	866
527	917
528	265
528	314
528	458
528	521
528	618
528	750
528	754
529	206
529	326
529	349
529	542
529	555
529	866
530	129
530	255
530	362
530	442
530	585
530	616
530	662
530	687
530	691
530	740
530	828
530	1013
531	131
531	132
531	175
531	324
531	366
531	454
531	528
531	908
531	935
531	976
532	163
532	197
532	326
532	485
532	572
532	776
532	865
532	879
533	112
533	204
533	242
533	455
533	563
533	657
533	669
533	736
533	790
533	901
533	907
533	975
533	998
534	19
534	100
534	103
534	137
534	277
534	284
534	290
534	296
534	298
534	537
534	805
534	1017
535	221
535	258
535	519
535	533
535	543
535	576
535	800
535	896
535	995
535	1009
536	137
536	400
536	459
536	500
536	584
536	695
536	803
537	408
537	585
537	859
537	916
538	205
538	275
538	337
538	358
538	377
538	519
538	578
538	872
538	886
538	944
538	948
539	38
539	85
539	88
539	191
539	282
539	315
539	319
539	337
539	569
539	658
539	666
539	739
539	761
539	817
539	894
539	915
539	944
539	952
540	35
540	116
540	315
540	425
540	722
540	733
540	841
540	877
540	941
540	992
541	81
541	101
541	124
541	125
541	211
541	233
541	237
541	351
541	469
541	591
541	757
541	984
542	101
542	204
542	356
542	394
542	567
542	587
543	32
543	133
543	144
543	220
543	258
543	272
543	417
543	462
543	528
543	613
543	746
543	755
543	888
543	950
544	54
544	64
544	171
544	189
544	274
544	362
544	558
544	765
544	851
545	11
545	84
545	94
545	151
545	197
545	268
545	318
545	444
545	499
545	563
545	604
545	731
545	772
545	867
545	879
545	881
545	943
546	340
546	380
546	633
546	868
546	892
546	931
547	5
547	78
547	90
547	100
547	205
547	268
547	326
547	351
547	570
547	587
547	854
548	81
548	111
548	159
548	195
548	578
548	620
548	787
549	2
549	143
549	353
549	357
549	482
549	683
549	764
549	880
549	1001
550	6
550	70
550	232
550	605
550	689
550	809
550	947
550	963
550	993
551	25
551	38
551	40
551	140
551	200
551	201
551	331
551	351
551	425
551	445
551	541
551	834
551	861
551	864
551	980
551	995
552	304
552	329
552	334
552	414
552	539
552	626
552	699
552	734
552	829
552	937
552	954
553	67
553	409
553	515
553	656
553	711
553	724
553	741
553	896
553	909
553	924
553	964
554	2
554	198
554	351
554	506
554	539
554	807
554	818
554	825
554	842
554	1004
555	6
555	181
555	323
555	457
555	483
555	644
555	692
555	750
555	913
555	919
555	930
556	26
556	32
556	56
556	138
556	264
556	381
556	522
556	672
556	904
556	915
557	139
557	142
557	452
557	962
558	26
558	50
558	85
558	289
558	354
558	380
558	470
558	530
558	571
558	625
558	694
558	779
558	830
559	16
559	21
559	83
559	246
559	274
559	375
559	672
559	700
559	764
559	776
559	1015
560	1
560	52
560	58
560	109
560	222
560	313
560	342
560	405
560	440
560	442
560	444
560	585
560	842
561	157
561	196
561	228
561	432
561	459
561	520
561	578
561	923
561	969
561	977
561	999
561	1011
562	15
562	101
562	266
562	284
562	288
562	795
562	824
562	975
562	999
563	191
563	252
563	259
563	348
563	359
563	397
563	401
563	480
563	589
563	766
563	786
563	881
563	942
564	81
564	146
564	232
564	359
564	405
564	470
564	682
564	808
564	821
564	854
564	913
565	223
565	295
565	311
565	421
565	492
565	498
565	601
565	747
565	795
565	850
565	895
566	160
566	526
566	672
566	711
566	831
567	299
567	315
567	382
567	509
567	551
567	871
568	134
568	274
568	299
568	316
569	67
569	164
569	397
569	457
569	506
569	759
569	828
569	835
569	896
569	906
569	918
570	5
570	67
570	82
570	240
570	410
570	479
570	487
570	502
570	525
570	704
570	780
570	785
570	956
571	229
571	243
571	259
571	319
571	334
571	378
571	466
571	495
572	178
572	222
572	247
572	464
572	623
572	840
572	983
572	1018
573	71
573	104
573	414
573	550
573	751
573	823
573	892
574	212
574	602
574	805
574	895
575	44
575	128
575	219
575	227
575	352
575	396
575	483
575	673
575	700
575	768
575	809
575	985
575	997
575	1010
576	64
576	273
576	298
576	301
576	316
576	395
576	448
576	494
576	961
577	36
577	38
577	99
577	174
577	196
577	316
577	384
577	479
577	511
577	690
577	806
577	894
577	939
578	98
578	260
578	307
578	328
578	375
578	497
578	608
578	686
578	830
579	57
579	125
579	181
579	249
579	300
579	557
579	564
579	572
579	775
579	878
579	972
580	51
580	81
580	149
580	439
580	535
580	774
581	12
581	104
581	121
581	701
581	751
581	794
581	797
581	842
581	851
581	987
582	82
582	113
582	115
582	144
582	551
582	699
582	739
582	749
582	866
582	867
582	881
582	948
583	1
583	94
583	184
583	191
583	197
583	429
583	505
583	591
583	644
583	673
583	703
583	960
583	988
584	192
584	456
584	521
584	528
584	647
584	652
584	696
584	802
584	933
585	240
585	276
585	383
585	440
585	455
585	617
585	733
585	765
585	781
585	895
585	915
586	174
586	177
586	325
586	333
586	479
586	481
586	601
586	660
586	712
586	867
586	869
587	2
587	57
587	571
587	582
587	601
587	619
587	867
587	885
587	894
587	959
588	277
588	278
588	287
588	308
588	366
588	881
589	17
589	60
589	84
589	133
589	516
589	574
589	583
589	852
589	969
590	3
590	67
590	129
590	277
590	328
590	389
590	417
590	418
590	857
590	902
590	917
591	476
591	584
591	690
591	841
591	860
592	144
592	162
592	363
592	486
592	631
592	656
592	749
592	811
592	897
593	31
593	191
593	381
593	500
593	535
593	538
593	577
593	792
593	809
593	817
593	900
593	961
593	1008
594	82
594	83
594	322
594	365
594	370
594	635
594	715
594	847
594	1013
594	1018
595	94
595	186
595	206
595	212
595	424
595	471
595	528
595	538
595	564
595	603
595	633
595	659
595	948
595	989
595	991
596	94
596	372
596	374
596	406
596	416
596	725
596	820
596	950
597	77
597	135
597	341
597	612
597	632
597	686
597	752
597	754
597	829
597	903
597	940
598	35
598	71
598	615
598	909
598	997
598	1020
599	3
599	89
599	150
599	278
599	316
599	351
599	404
599	465
599	494
599	647
599	668
599	692
599	773
599	786
599	874
599	956
600	0
600	52
600	87
600	488
600	518
600	766
600	769
600	772
600	915
601	5
601	542
601	730
601	883
601	914
601	920
601	979
601	1021
602	16
602	112
602	572
602	604
602	654
602	681
602	762
602	784
602	845
602	948
602	956
602	958
603	90
603	174
603	189
603	362
603	409
603	429
603	516
603	536
603	737
603	861
603	991
604	11
604	52
604	118
604	464
604	470
604	553
604	557
604	690
604	704
604	735
604	955
605	5
605	174
605	277
605	378
605	380
605	475
605	629
605	633
605	686
605	776
605	807
605	937
606	55
606	116
606	279
606	299
606	302
606	947
607	370
607	641
607	781
607	979
608	24
608	54
608	363
608	452
608	492
608	572
608	610
608	739
608	840
608	1011
609	53
609	95
609	140
609	147
609	441
609	504
609	599
609	808
609	936
610	271
610	278
610	371
610	467
610	495
610	679
610	681
610	702
610	783
610	1008
611	118
611	123
611	206
611	360
611	366
611	402
611	516
611	655
611	803
611	805
611	978
612	223
612	563
612	604
612	722
612	756
613	110
613	395
613	396
613	545
613	647
613	737
613	886
613	975
613	988
614	262
614	511
614	536
614	634
615	18
615	26
615	135
615	196
615	223
615	288
615	289
615	302
615	361
615	483
615	600
615	654
615	695
615	748
615	783
616	150
616	302
616	357
616	491
616	649
616	673
616	840
617	32
617	148
617	149
617	165
617	187
617	228
617	294
617	526
617	591
617	650
617	740
617	744
617	780
617	913
618	108
618	116
618	265
618	342
618	576
618	953
618	981
618	994
619	167
619	212
619	318
619	347
619	504
619	508
619	738
619	886
619	1008
620	9
620	96
620	217
620	286
620	350
620	414
620	514
620	548
620	664
620	933
620	994
621	75
621	84
621	186
621	748
621	776
621	1016
622	15
622	66
622	136
622	309
622	358
622	717
622	755
622	833
623	12
623	90
623	256
623	296
623	309
623	370
623	472
623	508
623	532
623	584
623	619
623	966
624	121
624	138
624	149
624	153
624	200
624	201
624	325
624	402
624	549
624	552
624	591
624	770
624	798
624	1018
625	14
625	17
625	73
625	158
625	272
625	355
625	615
625	618
625	638
625	704
625	732
625	756
625	761
625	864
626	13
626	92
626	287
626	426
626	428
626	473
626	492
626	509
626	523
626	850
626	975
627	34
627	101
627	150
627	388
627	458
627	512
627	529
627	547
627	576
627	641
627	951
627	990
628	7
628	348
628	439
628	461
628	552
628	681
628	695
628	714
628	733
628	895
628	1003
629	92
629	148
629	204
629	223
629	272
629	290
629	335
629	342
629	362
629	371
629	659
629	774
629	868
629	872
629	904
630	302
630	364
630	525
630	605
630	622
630	898
631	137
631	252
631	293
631	316
631	321
631	392
631	535
631	578
631	713
631	803
631	818
631	875
631	890
631	908
631	977
632	1
632	90
632	114
632	121
632	241
632	274
632	386
632	484
632	561
632	571
632	747
632	839
632	914
632	1000
633	80
633	98
633	149
633	245
633	427
633	667
633	682
633	965
633	1020
634	32
634	161
634	164
634	244
634	267
634	288
634	305
634	346
634	482
634	508
634	656
634	709
634	797
634	998
635	130
635	163
635	185
635	206
635	289
635	432
635	466
635	494
635	544
635	558
635	577
635	1010
636	26
636	95
636	109
636	265
636	329
636	586
636	611
636	645
636	743
636	759
637	235
637	236
637	265
637	375
637	529
637	530
637	730
637	833
637	1016
638	47
638	133
638	252
638	341
638	524
638	641
638	687
638	833
639	153
639	361
639	416
639	454
639	602
639	695
639	728
639	890
640	42
640	200
640	248
640	271
640	293
640	329
640	398
640	433
640	611
640	945
640	982
641	158
641	174
641	376
641	426
641	550
641	746
642	135
642	258
642	525
642	542
642	577
642	610
642	729
642	838
643	106
643	129
643	140
643	225
643	320
643	346
643	381
643	461
643	517
643	698
643	863
643	957
644	69
644	267
644	278
644	615
644	840
644	884
644	950
644	974
645	163
645	207
645	527
645	538
645	564
645	616
645	629
645	770
645	794
645	817
645	947
645	987
646	1
646	9
646	15
646	148
646	209
646	697
646	737
646	882
647	167
647	197
647	290
647	346
647	463
647	555
647	569
647	800
647	946
648	175
648	222
648	338
648	513
648	607
648	708
648	777
649	85
649	294
649	467
649	495
649	816
649	945
650	49
650	57
650	172
650	196
650	252
650	454
650	521
650	566
650	588
650	728
650	822
650	926
650	928
650	974
650	982
651	83
651	139
651	274
651	603
651	686
651	833
651	838
651	1002
651	1021
652	235
652	293
652	543
652	685
652	720
653	133
653	270
653	446
653	597
653	644
653	758
653	814
653	849
653	944
654	218
654	238
654	248
654	337
654	505
654	513
654	643
654	708
654	749
654	1016
655	93
655	105
655	106
655	119
655	364
655	370
655	374
655	398
655	523
655	565
655	621
655	687
655	951
656	170
656	284
656	384
656	390
656	593
656	689
656	814
656	977
657	12
657	15
657	77
657	403
657	453
657	504
657	510
657	644
657	651
657	745
657	814
657	879
657	908
658	89
658	148
658	267
658	792
658	883
659	68
659	233
659	302
659	383
659	549
659	776
659	873
660	174
660	209
660	323
660	361
660	627
660	629
660	632
660	842
660	899
660	1000
661	160
661	219
661	330
661	392
661	481
661	574
661	654
661	718
661	726
661	742
661	864
662	287
662	616
662	730
662	799
662	817
662	862
662	927
662	1019
663	10
663	43
663	59
663	80
663	100
663	140
663	265
663	434
663	459
663	489
663	684
663	730
663	745
663	791
663	797
663	939
664	49
664	81
664	91
664	314
664	327
664	486
664	517
664	530
664	562
664	693
664	885
664	941
664	1012
664	1016
665	121
665	225
665	590
665	617
665	643
665	644
665	765
665	770
665	823
666	152
666	179
666	459
666	500
666	617
666	635
666	640
666	645
666	722
666	996
667	165
667	189
667	484
667	494
667	534
667	566
667	956
668	154
668	776
668	792
668	829
668	859
668	869
668	969
669	45
669	303
669	364
669	429
669	653
670	77
670	141
670	259
670	376
670	464
670	599
670	609
670	801
671	163
671	166
671	180
671	220
671	258
671	318
671	383
671	545
671	566
671	760
671	838
671	938
672	28
672	101
672	227
672	243
672	414
672	466
672	562
672	595
672	876
673	35
673	235
673	370
673	437
673	450
673	875
673	1005
673	1022
674	18
674	91
674	119
674	153
674	160
674	235
674	306
674	404
674	480
674	565
674	620
674	772
674	869
674	955
675	104
675	119
675	169
675	342
675	348
675	432
675	490
675	561
675	793
675	911
675	925
676	24
676	112
676	121
676	182
676	699
676	703
676	762
676	832
676	845
677	90
677	219
677	463
677	475
677	571
677	638
677	734
677	780
677	793
677	812
677	892
677	952
678	14
678	56
678	71
678	94
678	201
678	279
678	285
678	353
678	399
678	557
678	691
678	815
679	158
679	243
679	268
679	459
679	628
679	814
679	1008
679	1010
679	1016
680	47
680	333
680	550
680	850
680	997
681	67
681	86
681	248
681	259
681	283
681	563
681	777
681	799
681	833
681	868
682	2
682	14
682	137
682	291
682	429
682	430
682	656
682	676
682	894
682	933
683	25
683	170
683	305
683	380
683	403
683	495
683	508
683	629
683	636
683	721
683	723
683	821
683	1016
684	24
684	141
684	289
684	348
684	368
684	578
684	594
684	636
684	644
684	974
684	987
684	998
685	75
685	143
685	220
685	340
685	503
685	535
685	627
685	715
685	830
685	855
685	935
686	306
686	338
686	398
686	582
686	597
686	602
686	783
686	794
686	839
686	910
687	127
687	249
687	272
687	463
687	496
687	523
687	566
687	657
687	758
687	875
687	917
687	999
688	67
688	81
688	141
688	195
688	218
688	249
688	281
688	500
688	590
688	752
688	851
688	903
688	917
688	926
688	998
689	316
689	388
689	748
689	940
690	13
690	48
690	59
690	61
690	73
690	156
690	179
690	250
690	341
690	369
690	507
690	597
690	656
690	754
690	868
691	5
691	68
691	202
691	303
691	345
691	388
691	434
691	641
691	753
691	903
692	44
692	218
692	300
692	441
692	524
692	554
692	596
692	699
692	750
692	804
692	941
692	960
692	1011
693	42
693	249
693	345
693	507
693	641
693	657
693	947
694	175
694	481
694	489
694	500
694	811
694	876
694	989
695	83
695	94
695	235
695	237
695	520
695	594
695	642
695	788
695	880
695	951
696	164
696	359
696	395
696	425
696	628
696	808
696	853
696	955
697	244
697	466
697	572
697	671
697	908
697	931
697	1008
698	36
698	98
698	104
698	135
698	139
698	219
698	379
698	616
698	810
698	926
698	996
698	1011
699	28
699	122
699	792
699	874
699	989
700	58
700	177
700	231
700	279
700	331
700	506
700	527
700	790
700	806
701	48
701	138
701	273
701	625
701	821
701	827
701	850
701	965
702	64
702	412
702	582
702	703
702	820
702	956
703	58
703	337
703	391
703	472
703	490
703	496
703	563
703	571
703	821
703	828
704	63
704	251
704	280
704	445
704	525
704	609
704	769
704	788
704	891
704	932
704	954
705	28
705	34
705	68
705	250
705	378
705	532
705	714
705	775
705	790
705	803
705	989
705	992
706	29
706	148
706	185
706	204
706	235
706	338
706	641
706	668
706	715
706	771
706	933
706	974
707	24
707	98
707	100
707	101
707	144
707	623
707	633
707	843
707	929
707	981
708	90
708	119
708	281
708	327
708	423
708	489
708	496
708	667
708	769
708	846
708	953
709	82
709	237
709	244
709	285
709	369
709	929
709	1011
709	1017
710	66
710	209
710	323
710	328
710	336
710	574
710	711
710	717
710	801
711	197
711	238
711	242
711	297
711	343
711	525
711	762
711	857
711	885
712	62
712	78
712	130
712	153
712	176
712	267
712	571
712	781
712	824
712	909
712	986
712	1014
713	218
713	294
713	470
713	476
713	646
713	842
713	909
714	84
714	94
714	127
714	292
714	323
714	353
714	396
714	532
714	535
714	670
714	734
714	782
715	67
715	225
715	240
715	383
715	437
715	808
715	868
716	17
716	50
716	72
716	78
716	464
716	479
716	526
716	594
716	629
716	764
716	874
716	906
717	60
717	310
717	312
717	405
717	517
717	519
717	597
717	660
717	756
718	75
718	80
718	106
718	194
718	195
718	271
718	425
718	635
718	676
718	682
718	786
718	805
718	849
718	879
719	77
719	108
719	128
719	155
719	358
719	615
719	686
719	825
719	948
719	965
720	41
720	121
720	135
720	254
720	372
720	373
720	478
720	699
720	740
721	69
721	77
721	152
721	154
721	279
721	372
721	395
721	489
721	608
721	796
721	1001
722	3
722	89
722	129
722	295
722	332
722	417
722	463
722	580
722	622
722	878
722	910
723	353
723	368
723	373
723	380
723	556
723	700
723	900
723	998
724	229
724	339
724	344
724	545
724	601
724	739
724	742
724	859
724	980
724	1004
725	124
725	146
725	226
725	273
725	311
725	506
725	537
725	683
725	771
725	875
725	896
725	965
726	176
726	187
726	264
726	437
726	519
726	712
726	831
726	857
727	139
727	199
727	342
727	403
727	405
727	546
727	572
727	660
727	775
727	822
727	1001
727	1006
727	1022
728	0
728	255
728	280
728	342
728	424
728	637
728	732
728	821
728	861
729	105
729	199
729	345
729	434
729	593
729	607
729	683
729	745
729	969
729	981
730	79
730	304
730	309
730	324
730	401
730	413
730	428
730	489
730	642
730	661
730	704
730	739
730	757
731	48
731	89
731	108
731	194
731	291
731	586
731	619
731	738
731	909
731	929
731	954
731	1007
732	18
732	273
732	488
732	619
732	739
732	854
732	919
732	936
732	1012
733	29
733	53
733	148
733	175
733	350
733	665
733	999
733	1018
734	140
734	301
734	452
734	463
734	789
734	880
734	1009
735	28
735	47
735	112
735	115
735	292
735	440
735	528
735	631
735	632
735	767
735	782
736	122
736	482
736	603
736	691
736	921
736	977
737	97
737	201
737	248
737	258
737	267
737	575
737	946
738	4
738	159
738	273
738	297
738	406
738	545
738	627
738	657
738	747
738	939
739	1
739	94
739	150
739	174
739	178
739	306
739	316
739	425
739	428
739	484
739	578
739	704
739	750
739	903
740	7
740	135
740	162
740	231
740	277
740	298
740	310
740	332
740	364
740	384
740	697
740	709
740	815
740	894
740	943
740	963
741	47
741	121
741	194
741	271
741	341
741	418
741	511
741	599
741	602
741	837
742	12
742	144
742	260
742	332
742	516
742	529
742	598
742	687
742	810
742	821
742	846
742	902
742	908
742	1008
742	1019
743	49
743	93
743	110
743	130
743	188
743	411
743	426
743	479
743	610
743	681
743	992
744	56
744	115
744	303
744	334
744	558
744	627
744	748
744	774
745	33
745	40
745	80
745	143
745	694
746	21
746	254
746	496
746	668
746	669
746	874
746	881
746	919
747	15
747	92
747	127
747	269
747	318
747	389
747	425
747	445
747	449
747	468
747	500
747	575
747	671
747	742
747	761
747	843
747	972
748	363
748	365
748	371
748	392
748	455
748	482
748	538
748	731
748	990
749	237
749	321
749	361
749	601
749	645
749	650
749	692
749	724
749	790
749	969
750	79
750	543
750	563
750	710
750	740
750	959
751	13
751	81
751	132
751	164
751	197
751	266
751	286
751	336
751	489
751	594
751	629
751	658
751	726
751	755
751	919
751	945
751	985
752	216
752	278
752	472
752	744
752	978
753	8
753	51
753	381
753	415
753	441
753	583
753	701
753	846
753	897
753	942
753	979
753	1017
754	8
754	30
754	64
754	95
754	100
754	156
754	177
754	203
754	218
754	247
754	310
754	337
754	397
754	541
754	826
754	847
755	3
755	185
755	257
755	333
755	355
755	440
755	482
755	492
755	560
755	730
755	745
755	927
756	1
756	54
756	67
756	265
756	295
756	340
756	345
756	565
756	658
756	895
756	903
756	929
756	964
757	89
757	250
757	296
757	572
757	661
757	776
757	826
757	893
757	948
757	966
758	39
758	57
758	182
758	537
758	541
758	545
758	704
758	809
758	816
758	913
758	968
758	1004
759	89
759	282
759	312
759	321
759	389
759	456
759	535
759	578
759	618
759	814
759	942
759	964
759	1003
760	15
760	67
760	264
760	985
761	227
761	511
761	660
761	781
761	1010
762	25
762	236
762	293
762	303
762	396
762	616
762	776
763	264
763	405
763	567
763	660
763	814
763	832
763	864
763	952
764	381
764	498
764	602
764	659
764	783
765	21
765	41
765	47
765	281
765	294
765	643
765	670
765	739
765	815
765	821
765	927
765	961
765	985
766	63
766	392
766	471
766	572
766	716
766	804
766	834
766	974
767	54
767	137
767	248
767	261
767	271
767	308
767	447
767	522
767	719
767	721
767	754
767	797
767	831
767	928
767	941
768	32
768	261
768	536
768	839
768	908
768	936
768	997
769	21
769	77
769	159
769	195
769	332
769	347
769	386
769	522
769	583
769	756
769	897
769	920
770	45
770	108
770	347
770	712
770	901
771	93
771	170
771	558
771	680
771	802
771	934
772	137
772	188
772	374
772	451
772	720
772	792
772	901
772	942
772	1015
773	53
773	86
773	106
773	171
773	689
773	717
773	784
773	866
773	957
773	969
774	360
774	507
774	697
774	781
775	9
775	29
775	91
775	218
775	449
775	680
775	797
775	1018
776	149
776	259
776	345
776	372
776	376
776	377
776	483
776	570
776	803
776	842
776	858
776	876
776	1023
777	35
777	107
777	330
777	366
777	462
777	579
777	639
777	807
777	1012
778	29
778	63
778	179
778	209
778	276
778	528
778	666
778	784
778	808
778	877
778	912
779	184
779	202
779	264
779	284
779	488
779	492
779	634
779	741
779	776
779	792
779	889
779	981
779	986
780	9
780	77
780	123
780	202
780	298
780	427
780	539
780	699
780	794
780	825
780	846
781	87
781	130
781	206
781	217
781	261
781	465
781	611
781	643
781	717
781	759
781	786
781	958
781	1005
782	225
782	263
782	404
782	616
782	758
782	914
782	970
782	1022
783	19
783	79
783	163
783	310
783	339
783	607
783	736
783	848
784	14
784	133
784	415
784	724
784	736
784	806
784	840
784	899
785	57
785	90
785	265
785	268
785	421
785	512
785	665
785	869
785	907
785	943
786	49
786	137
786	156
786	252
786	292
786	312
786	342
786	633
786	991
786	1011
787	24
787	128
787	209
787	352
787	685
787	704
787	776
787	777
787	951
788	70
788	72
788	146
788	186
788	221
788	313
788	392
788	509
788	641
788	651
788	730
788	879
788	998
789	13
789	95
789	217
789	328
789	582
789	899
789	906
789	930
790	49
790	73
790	140
790	223
790	274
790	409
790	571
790	600
790	617
790	709
790	719
790	779
790	781
790	948
791	172
791	451
791	485
791	520
791	555
791	578
791	754
791	758
791	891
792	124
792	386
792	623
792	629
792	630
792	864
793	85
793	108
793	214
793	481
793	586
793	706
793	954
794	4
794	58
794	67
794	252
794	272
794	309
794	322
794	423
794	439
794	543
794	549
794	554
794	614
794	694
794	744
794	768
794	840
795	108
795	148
795	290
795	320
795	416
795	581
795	608
795	728
795	757
795	831
795	851
795	1003
796	246
796	264
796	299
796	312
796	487
796	546
796	674
796	782
796	910
796	968
797	316
797	559
797	624
797	657
797	720
797	806
797	811
797	837
798	112
798	217
798	347
798	443
798	531
798	744
798	788
798	905
798	978
799	158
799	209
799	302
799	356
799	509
799	792
799	933
799	943
799	977
799	999
799	1020
800	293
800	397
800	425
800	562
801	9
801	80
801	133
801	164
801	279
801	339
801	369
801	487
801	671
801	730
801	796
801	870
801	947
801	1016
802	50
802	97
802	264
802	292
802	300
802	447
802	590
802	620
802	652
802	768
802	822
802	876
802	984
803	167
803	213
803	217
803	333
803	483
803	657
803	668
803	820
803	876
803	905
803	965
804	29
804	82
804	343
804	358
804	457
804	480
805	45
805	121
805	482
805	523
805	568
805	598
805	894
805	941
806	60
806	466
806	504
806	732
806	998
807	245
807	249
807	346
807	347
807	364
807	513
807	670
807	692
807	708
807	740
807	784
807	785
807	797
807	950
808	14
808	35
808	507
808	555
808	792
808	806
808	900
809	90
809	527
809	995
810	50
810	216
810	504
810	534
810	673
810	693
810	697
810	739
810	748
810	852
810	888
810	923
810	964
811	141
811	213
811	394
811	450
812	78
812	129
812	151
812	153
812	194
812	223
812	276
812	388
812	430
812	495
812	504
812	514
812	544
812	575
812	658
812	870
812	879
812	928
812	986
813	167
813	185
813	281
813	364
813	386
813	437
813	450
813	474
813	544
813	831
813	957
814	40
814	114
814	148
814	204
814	216
814	254
814	641
814	709
814	837
814	894
814	905
814	920
815	45
815	153
815	231
815	381
815	388
815	650
815	668
815	707
815	738
815	846
815	858
816	405
816	416
816	530
816	725
817	49
817	292
817	437
817	850
817	875
817	913
817	1009
818	88
818	114
818	268
818	375
818	471
818	690
818	692
818	700
818	757
818	918
818	955
818	993
819	151
819	228
819	280
819	329
819	339
819	483
819	587
820	127
820	227
820	297
820	376
820	388
820	478
820	762
820	807
820	887
820	923
820	989
821	167
821	169
821	302
821	311
821	378
821	531
821	627
821	693
821	850
822	128
822	182
822	252
822	255
822	390
822	512
822	536
822	572
822	615
822	809
822	864
822	957
823	100
823	230
823	278
823	363
823	401
823	431
823	466
823	513
823	635
823	645
824	325
824	327
824	399
824	440
824	511
824	536
824	577
824	861
824	972
825	7
825	37
825	49
825	198
825	306
825	415
825	513
825	591
825	652
825	659
825	677
825	765
825	837
825	838
825	994
826	164
826	240
826	318
826	440
826	759
826	800
826	830
826	897
827	286
827	315
827	426
827	530
827	658
827	802
827	891
827	906
827	950
827	1013
828	99
828	473
828	697
828	715
829	189
829	373
829	596
829	660
829	715
829	727
829	756
829	812
829	888
829	944
829	1007
829	1008
830	116
830	164
830	384
830	559
830	740
830	835
831	122
831	137
831	300
831	492
831	558
831	571
831	576
831	864
832	55
832	191
832	276
832	290
832	323
832	447
832	463
832	925
832	1004
833	85
833	89
833	181
833	224
833	238
833	267
833	466
833	572
834	103
834	139
834	228
834	350
834	540
834	668
834	706
834	710
834	928
834	931
834	975
834	999
834	1018
835	0
835	6
835	85
835	229
835	278
835	327
835	413
835	420
835	539
835	545
835	556
835	687
835	737
835	771
835	845
835	865
835	955
835	960
836	110
836	213
836	590
836	675
836	682
836	853
836	890
836	975
837	41
837	95
837	131
837	188
837	294
837	328
837	343
837	530
837	531
837	851
837	858
837	919
838	3
838	87
838	198
838	262
838	498
838	532
838	664
838	719
838	816
838	859
838	919
839	17
839	51
839	90
839	94
839	318
839	400
839	403
839	419
839	509
839	678
840	65
840	613
840	717
840	993
841	85
841	127
841	132
841	154
841	165
841	170
841	414
841	594
841	796
841	840
841	884
841	904
841	946
842	211
842	250
842	367
842	477
842	507
842	832
843	89
843	159
843	267
843	378
843	392
843	432
843	508
843	551
843	592
843	621
843	632
843	638
843	655
843	694
843	720
843	755
843	787
843	810
843	845
843	876
843	911
843	940
843	946
843	989
844	203
844	293
844	419
844	421
844	566
844	580
844	674
844	682
844	762
844	886
845	28
845	236
845	245
845	269
845	305
845	423
845	472
845	486
845	622
845	860
845	967
845	973
846	16
846	122
846	214
846	281
846	328
846	377
846	415
846	432
846	678
846	696
846	717
846	720
846	779
846	906
847	56
847	94
847	151
847	234
847	619
847	875
847	899
848	29
848	114
848	223
848	332
848	337
848	521
848	625
848	795
848	820
848	840
848	923
849	26
849	46
849	49
849	124
849	349
849	420
849	434
849	570
849	797
849	862
849	875
849	926
850	2
850	37
850	64
850	105
850	170
850	296
850	327
850	455
850	672
850	744
850	942
850	976
850	977
851	99
851	318
851	349
851	388
851	460
851	567
851	611
851	676
851	694
851	856
851	1017
852	204
852	371
852	377
852	537
852	704
853	135
853	454
853	495
853	1010
854	2
854	284
854	347
854	410
854	417
854	461
854	495
854	698
854	770
854	973
855	54
855	179
855	328
855	399
855	521
855	558
855	560
855	642
855	748
855	765
855	845
856	132
856	257
856	348
856	385
856	392
856	590
856	609
856	716
856	908
856	1012
856	1021
857	84
857	190
857	602
857	642
857	725
857	743
857	799
857	909
857	1013
858	9
858	21
858	26
858	75
858	113
858	213
858	559
858	607
858	668
858	672
858	726
858	985
859	81
859	183
859	217
859	401
859	510
859	665
859	707
859	747
859	755
859	880
859	950
860	59
860	202
860	261
860	319
860	342
860	360
860	561
860	562
860	595
860	815
860	956
861	286
861	309
861	376
861	481
861	523
861	564
861	628
861	636
861	719
861	853
862	133
862	208
862	250
862	503
862	551
862	596
862	611
862	658
862	869
863	50
863	105
863	252
863	266
863	356
863	371
863	770
863	848
863	934
863	987
864	231
864	260
864	291
864	376
864	496
864	720
864	870
864	871
864	997
865	217
865	238
865	248
865	271
865	492
865	520
865	725
865	759
865	803
865	844
866	98
866	147
866	173
866	437
866	574
866	583
866	627
866	677
866	780
866	790
866	841
866	858
866	871
866	931
866	1019
867	12
867	107
867	244
867	281
867	488
867	515
867	531
867	652
867	707
867	882
867	1023
868	11
868	18
868	121
868	436
868	887
868	913
868	943
869	27
869	138
869	156
869	194
869	451
869	486
869	491
869	509
869	533
869	724
869	848
869	890
869	953
870	139
870	347
870	367
870	390
870	451
870	567
870	735
871	33
871	80
871	86
871	142
871	246
871	354
871	479
871	725
871	787
871	964
872	154
872	201
872	299
872	528
872	539
872	587
872	619
872	624
872	946
872	1006
873	116
873	158
873	161
873	225
873	300
873	668
873	901
873	907
874	157
874	370
874	454
874	519
874	562
874	605
874	702
874	878
875	24
875	178
875	262
875	292
875	323
875	361
875	438
875	477
875	652
876	47
876	227
876	264
876	319
876	640
876	815
876	850
876	962
877	76
877	146
877	258
877	489
877	859
878	22
878	63
878	239
878	327
878	405
878	466
879	242
879	292
879	312
879	335
879	360
879	401
879	436
879	722
879	848
879	887
880	67
880	89
880	157
880	272
880	385
880	465
880	660
880	766
880	768
880	979
881	98
881	280
881	303
881	658
881	692
881	743
881	937
881	945
882	8
882	302
882	975
883	131
883	261
883	317
883	330
883	345
883	454
883	566
883	575
883	590
883	793
883	852
883	953
883	960
884	337
884	450
884	454
884	463
884	510
884	725
884	899
884	932
884	948
885	11
885	71
885	148
885	161
885	256
885	370
885	408
885	582
885	585
885	817
885	844
885	969
886	4
886	33
886	44
886	77
886	179
886	183
886	300
886	393
886	419
886	561
886	631
886	731
886	747
886	986
887	30
887	102
887	389
887	517
887	572
887	614
887	826
887	904
888	138
888	168
888	457
888	671
888	784
889	105
889	163
889	182
889	317
889	424
889	514
889	635
889	704
889	907
889	994
889	1004
890	161
890	175
890	520
890	737
890	763
890	776
890	794
890	819
890	843
890	857
890	916
890	937
891	49
891	197
891	206
891	220
891	302
891	638
891	647
891	656
891	674
891	687
891	776
891	962
892	105
892	131
892	229
892	311
892	332
892	420
892	479
892	560
892	607
892	622
893	78
893	263
893	395
893	471
893	475
893	932
893	937
893	1020
894	207
894	608
894	706
894	786
894	876
894	895
895	117
895	520
895	790
896	5
896	25
896	124
896	138
896	216
896	364
896	539
896	650
896	652
896	776
896	812
896	880
896	1008
897	88
897	382
897	403
897	476
897	685
897	695
897	780
897	975
898	52
898	70
898	117
898	123
898	253
898	254
898	324
898	395
898	404
898	480
898	611
898	680
898	719
898	883
898	891
898	938
898	966
899	64
899	139
899	168
899	177
899	270
899	303
899	336
899	360
899	432
899	439
899	481
899	519
899	757
899	803
899	868
899	951
900	86
900	103
900	285
900	450
900	574
900	723
900	819
900	893
901	87
901	173
901	190
901	300
901	503
901	511
901	614
901	628
901	666
901	770
901	863
901	880
901	983
901	1016
902	274
902	588
902	599
902	656
902	966
903	204
903	213
903	463
903	566
903	615
903	646
903	699
903	751
903	826
903	909
904	98
904	232
904	307
904	791
904	892
905	297
905	356
905	361
905	424
905	538
905	552
905	574
905	676
905	851
905	934
906	64
906	66
906	352
906	375
906	695
906	727
906	767
906	793
906	818
906	837
906	838
906	975
907	91
907	92
907	171
907	172
907	245
907	342
907	540
907	599
907	627
907	639
907	770
907	962
908	52
908	162
908	332
908	533
908	540
908	607
908	890
908	891
908	899
908	922
909	67
909	186
909	288
909	332
909	462
909	559
909	620
909	692
909	755
909	847
910	4
910	153
910	269
910	538
910	603
910	781
910	912
910	984
910	1011
911	234
911	390
911	451
911	470
911	494
911	576
911	645
911	668
911	719
911	809
911	857
911	935
912	42
912	237
912	337
912	391
912	868
913	3
913	17
913	168
913	198
913	300
913	317
913	381
913	558
913	572
913	594
913	664
913	728
913	795
913	935
914	79
914	90
914	176
914	264
914	354
914	393
914	423
914	469
914	535
914	712
914	768
914	795
915	69
915	384
915	517
915	592
916	122
916	247
916	280
916	429
916	436
916	438
916	768
916	810
916	884
916	908
916	949
917	6
917	228
917	550
917	615
917	830
918	95
918	128
918	365
918	386
918	621
918	877
918	902
919	361
919	527
919	534
919	629
919	676
919	727
919	735
919	760
919	862
919	863
919	869
919	998
920	102
920	116
920	175
920	215
920	332
920	400
920	424
920	428
920	506
920	691
920	793
920	816
921	138
921	265
921	377
921	431
921	487
921	508
921	747
921	818
921	932
922	61
922	170
922	247
922	281
922	435
922	528
922	639
922	700
922	728
922	848
922	940
922	974
923	5
923	483
923	558
923	664
923	805
924	103
924	146
924	166
924	266
924	365
924	523
924	688
924	719
925	41
925	60
925	142
925	157
925	188
925	203
925	242
925	268
925	338
925	506
925	677
925	951
925	986
926	16
926	73
926	205
926	297
926	567
926	660
926	702
926	791
926	902
926	925
926	999
926	1012
927	151
927	163
927	441
927	454
927	597
927	630
927	715
927	732
927	759
927	763
927	837
928	56
928	67
928	483
928	541
928	565
928	596
928	649
928	693
928	997
929	79
929	188
929	246
929	490
929	563
929	629
929	706
929	823
929	837
929	924
929	998
930	145
930	321
930	326
930	335
930	388
930	412
930	558
930	732
930	884
930	888
930	976
931	508
931	515
931	612
931	625
931	643
931	788
931	820
932	47
932	112
932	296
932	324
932	557
932	570
932	660
932	667
932	728
932	745
932	875
932	883
933	98
933	157
933	658
933	671
933	871
933	971
933	975
933	1006
934	70
934	96
934	97
934	341
934	354
934	377
934	400
934	447
934	462
934	487
934	583
934	704
934	825
934	988
935	15
935	105
935	133
935	193
935	277
935	290
935	594
935	614
935	845
936	106
936	269
936	590
936	592
936	669
936	696
936	706
936	727
936	1010
937	383
937	517
937	768
938	83
938	109
938	129
938	143
938	154
938	158
938	171
938	254
938	548
938	551
938	568
938	651
938	654
938	919
939	22
939	139
939	234
939	335
939	339
939	353
939	458
939	474
939	562
939	635
939	651
939	989
939	1018
940	206
940	225
940	646
940	658
940	670
940	693
940	713
940	853
940	982
940	1020
941	119
941	132
941	192
941	203
941	227
941	281
941	444
941	674
941	685
941	686
942	268
942	280
942	496
942	820
942	885
942	891
942	895
942	1015
943	36
943	254
943	295
943	374
943	390
943	475
943	506
943	570
943	593
943	872
943	882
943	955
943	1018
943	1024
944	17
944	50
944	73
944	92
944	99
944	217
944	574
944	761
944	990
945	6
945	184
945	258
945	329
945	391
945	476
945	650
945	651
945	684
945	826
945	924
945	1015
946	13
946	22
946	139
946	168
946	266
946	313
946	320
946	389
946	464
946	569
946	678
946	685
946	880
946	997
946	1017
947	9
947	119
947	233
947	312
947	389
947	460
947	468
947	495
947	529
947	608
947	654
947	682
947	738
947	887
947	920
947	961
948	101
948	160
948	225
948	243
948	433
948	532
948	538
948	666
948	687
949	15
949	91
949	312
949	330
949	381
949	428
949	475
949	668
949	827
949	913
950	17
950	23
950	35
950	69
950	81
950	85
950	125
950	713
950	717
950	749
950	943
951	88
951	169
951	175
951	239
951	259
951	271
951	355
951	358
951	438
951	526
951	577
951	719
951	879
951	906
951	965
951	1001
952	141
952	189
952	269
952	328
952	335
952	471
952	740
952	758
952	775
952	831
952	893
953	9
953	135
953	180
953	313
953	605
953	648
953	684
953	843
953	962
953	1009
954	36
954	43
954	51
954	111
954	173
954	280
954	604
954	676
954	677
954	803
954	825
955	7
955	66
955	184
955	490
955	505
955	568
955	900
955	949
955	985
956	4
956	63
956	311
956	327
956	381
956	398
956	423
956	714
956	776
956	836
956	924
957	79
957	139
957	247
957	286
957	310
957	650
957	656
957	658
957	790
957	900
958	8
958	90
958	186
958	287
958	471
958	597
958	654
958	696
958	794
958	861
958	996
958	1008
959	32
959	102
959	404
959	476
959	484
959	595
959	600
959	626
959	796
959	964
960	68
960	177
960	280
960	308
960	393
960	513
960	578
960	628
960	726
960	752
960	770
960	789
960	809
960	971
960	1021
961	0
961	19
961	391
961	445
961	481
961	761
961	838
962	246
962	260
962	362
962	405
962	532
962	581
962	635
962	749
962	774
962	928
962	1008
963	62
963	208
963	252
963	313
963	423
963	433
963	548
963	671
963	680
963	785
963	805
963	997
964	26
964	189
964	387
964	721
964	746
964	900
964	962
964	1009
965	27
965	87
965	213
965	274
965	299
965	319
965	447
965	640
965	701
965	747
965	788
965	803
965	859
965	974
966	176
966	188
966	326
966	449
966	480
966	488
966	559
966	572
966	1011
967	54
967	117
967	174
967	751
967	863
967	884
967	993
968	329
968	390
968	813
969	70
969	137
969	158
969	181
969	514
969	613
969	752
969	816
969	828
969	987
970	75
970	88
970	106
970	149
970	321
970	445
970	482
970	506
970	722
970	798
971	114
971	146
971	194
971	199
971	285
971	664
971	828
972	43
972	258
972	385
972	410
972	433
972	504
972	548
972	599
972	717
972	886
972	1003
973	92
973	487
973	614
973	750
973	778
973	884
973	929
974	48
974	197
974	388
974	560
974	616
974	717
974	788
974	848
974	920
974	940
974	956
974	964
974	1010
975	107
975	154
975	344
975	357
975	445
975	623
975	750
975	842
975	1003
976	10
976	239
976	400
976	516
976	545
976	629
976	640
976	665
976	687
976	708
976	710
976	957
976	992
977	80
977	156
977	329
977	363
977	449
977	764
977	893
977	998
977	1000
978	150
978	230
978	293
978	395
978	539
978	601
978	609
978	791
978	825
978	840
978	904
978	953
979	155
979	226
979	314
979	317
979	350
979	374
979	382
979	486
979	543
979	556
979	698
979	987
980	62
980	449
980	486
980	840
980	939
981	266
981	314
981	400
981	451
981	539
981	604
981	629
981	757
981	808
981	988
982	74
982	85
982	154
982	295
982	466
982	562
982	745
982	769
982	825
982	927
983	427
983	468
983	572
983	585
983	819
983	845
983	933
983	948
983	961
984	21
984	204
984	241
984	385
984	445
984	569
984	619
984	818
985	99
985	126
985	150
985	389
985	499
985	598
985	649
985	716
985	882
985	947
985	953
985	972
986	35
986	332
986	338
986	537
986	571
986	621
986	751
986	790
986	922
986	929
987	108
987	119
987	135
987	247
987	486
987	668
987	811
987	957
987	965
987	967
988	376
988	391
988	417
988	516
988	532
988	680
988	900
989	179
989	441
989	530
989	534
989	585
989	649
989	674
989	947
989	963
990	56
990	128
990	137
990	291
990	383
990	408
990	466
990	565
990	728
990	792
990	820
990	961
991	64
991	156
991	161
991	447
991	527
991	582
991	646
991	751
991	880
991	1024
992	95
992	114
992	327
992	334
992	414
992	707
992	779
992	827
992	969
993	160
993	206
993	271
993	374
993	561
993	603
993	760
994	33
994	296
994	324
994	383
994	402
994	612
994	786
994	938
994	983
995	365
995	420
995	483
995	514
995	713
996	64
996	203
996	306
996	387
996	650
996	696
996	734
996	788
997	42
997	251
997	281
997	309
997	376
997	400
997	420
997	599
997	622
997	680
997	687
997	760
998	19
998	84
998	96
998	197
998	358
998	503
998	568
998	757
998	765
998	767
998	784
998	948
999	110
999	408
999	409
999	499
999	505
999	513
999	622
999	997
999	1004
1000	99
1000	101
1000	256
1000	423
1000	463
1000	473
1000	505
1000	518
1000	564
1000	774
1000	940
1000	946
1000	983
1001	96
1001	111
1001	215
1001	278
1001	617
1001	846
1001	918
1001	954
1001	1007
1002	133
1002	168
1002	250
1002	256
1002	323
1002	332
1002	482
1002	533
1002	729
1002	798
1002	831
1002	910
1002	971
1003	49
1003	347
1003	359
1003	373
1003	534
1003	990
1004	12
1004	26
1004	30
1004	41
1004	151
1004	215
1004	346
1004	596
1004	609
1004	659
1004	786
1004	1013
1005	142
1005	166
1005	193
1005	250
1005	445
1005	486
1005	584
1005	835
1005	991
1005	1019
1006	33
1006	100
1006	299
1006	345
1006	354
1006	423
1006	491
1006	506
1006	806
1006	831
1006	965
1006	1018
1007	56
1007	68
1007	206
1007	223
1007	289
1007	484
1007	496
1007	503
1007	601
1007	680
1007	805
1007	859
1007	894
1008	42
1008	158
1008	188
1008	219
1008	220
1008	250
1008	289
1008	498
1008	506
1008	981
1008	997
1008	1023
1009	74
1009	148
1009	190
1009	211
1009	461
1009	521
1009	675
1009	678
1009	702
1009	703
1009	734
1009	812
1009	832
1009	979
1010	321
1010	517
1010	672
1010	687
1010	691
1010	755
1010	776
1010	790
1011	22
1011	291
1011	559
1011	607
1011	618
1011	731
1011	842
1011	869
1011	964
1012	110
1012	207
1012	214
1012	343
1012	423
1012	455
1012	510
1012	534
1012	890
1012	896
1012	963
1012	1000
1013	67
1013	218
1013	303
1013	317
1013	409
1013	473
1013	568
1013	754
1014	8
1014	19
1014	49
1014	52
1014	228
1014	288
1014	342
1014	368
1014	407
1014	434
1014	471
1014	515
1014	527
1014	586
1014	803
1015	150
1015	155
1015	222
1015	373
1015	435
1015	459
1015	813
1015	975
1016	11
1016	134
1016	410
1016	523
1016	636
1016	665
1016	673
1016	677
1016	712
1016	738
1016	915
1016	985
1017	174
1017	208
1017	250
1017	290
1017	314
1017	384
1017	731
1017	789
1017	794
1017	977
1017	1014
1018	3
1018	57
1018	164
1018	223
1018	394
1018	453
1018	455
1018	459
1018	479
1018	547
1018	783
1018	801
1018	863
1018	922
1018	950
1019	123
1019	137
1019	179
1019	206
1019	236
1019	243
1019	393
1019	454
1019	507
1019	704
1019	954
1020	27
1020	53
1020	87
1020	199
1020	207
1020	579
1020	835
1020	848
1021	131
1021	195
1021	299
1021	334
1021	384
1021	391
1021	405
1021	447
1021	500
1021	646
1021	746
1021	773
1021	822
1021	922
1021	1014
1022	3
1022	10
1022	526
1022	677
1022	859
1022	996
1023	222
1023	324
1023	342
1023	419
1023	492
1023	500
1023	952
1024	281
1024	349
1024	832
1024	867
1024	973
